frame_number,is_mouth_open,local_mouth_open_time,local_mouth_open_frames,total_mouth_open_time,total_mouth_open_frames
0,True,0.03333333333333333,1,0,0
1,True,0.06666666666666667,2,0,0
2,True,0.1,3,0,0
3,True,0.13333333333333333,4,0,0
4,True,0.16666666666666666,5,0,0
5,True,0.2,6,0,0
6,True,0.23333333333333334,7,0,0
7,True,0.26666666666666666,8,0,0
8,True,0.3,9,0,0
9,True,0.3333333333333333,10,0,0
10,True,0.36666666666666664,11,0,0
11,True,0.4,12,0,0
12,True,0.43333333333333335,13,0,0
13,True,0.4666666666666667,14,0,0
14,True,0.5,15,0,0
15,True,0.5333333333333333,16,0,0
16,True,0.5666666666666667,17,0,0
17,True,0.6,18,0,0
18,True,0.6333333333333333,19,0,0
19,True,0.6666666666666666,20,0,0
20,True,0.7,21,0,0
21,True,0.7333333333333333,22,0,0
22,True,0.7666666666666667,23,0,0
23,True,0.8,24,0,0
24,True,0.8333333333333334,25,0,0
25,True,0.8666666666666667,26,0,0
26,True,0.9,27,0,0
27,True,0.9333333333333333,28,0,0
28,True,0.9666666666666667,29,0,0
29,False,0,0,0.9666666666666667,29
30,False,0,0,0.9666666666666667,29
31,False,0,0,0.9666666666666667,29
32,False,0,0,0.9666666666666667,29
33,False,0,0,0.9666666666666667,29
34,False,0,0,0.9666666666666667,29
35,False,0,0,0.9666666666666667,29
36,False,0,0,0.9666666666666667,29
37,False,0,0,0.9666666666666667,29
38,False,0,0,0.9666666666666667,29
39,False,0,0,0.9666666666666667,29
40,False,0,0,0.9666666666666667,29
41,False,0,0,0.9666666666666667,29
42,True,0.03333333333333333,1,0.9666666666666667,29
43,True,0.06666666666666667,2,0.9666666666666667,29
44,True,0.1,3,0.9666666666666667,29
45,True,0.13333333333333333,4,0.9666666666666667,29
46,True,0.16666666666666666,5,0.9666666666666667,29
47,True,0.2,6,0.9666666666666667,29
48,True,0.23333333333333334,7,0.9666666666666667,29
49,True,0.26666666666666666,8,0.9666666666666667,29
50,True,0.3,9,0.9666666666666667,29
51,True,0.3333333333333333,10,0.9666666666666667,29
52,True,0.36666666666666664,11,0.9666666666666667,29
53,True,0.4,12,0.9666666666666667,29
54,True,0.43333333333333335,13,0.9666666666666667,29
55,True,0.4666666666666667,14,0.9666666666666667,29
56,True,0.5,15,0.9666666666666667,29
57,True,0.5333333333333333,16,0.9666666666666667,29
58,True,0.5666666666666667,17,0.9666666666666667,29
59,True,0.6,18,0.9666666666666667,29
60,False,0,0,1.5666666666666667,47
61,False,0,0,1.5666666666666667,47
62,False,0,0,1.5666666666666667,47
63,False,0,0,1.5666666666666667,47
64,False,0,0,1.5666666666666667,47
65,False,0,0,1.5666666666666667,47
66,False,0,0,1.5666666666666667,47
67,False,0,0,1.5666666666666667,47
68,False,0,0,1.5666666666666667,47
69,False,0,0,1.5666666666666667,47
70,False,0,0,1.5666666666666667,47
71,False,0,0,1.5666666666666667,47
73,True,0.03333333333333333,1,1.5666666666666667,47
74,True,0.06666666666666667,2,1.5666666666666667,47
75,True,0.1,3,1.5666666666666667,47
76,True,0.13333333333333333,4,1.5666666666666667,47
77,True,0.16666666666666666,5,1.5666666666666667,47
78,True,0.2,6,1.5666666666666667,47
79,True,0.23333333333333334,7,1.5666666666666667,47
80,True,0.26666666666666666,8,1.5666666666666667,47
81,True,0.3,9,1.5666666666666667,47
82,True,0.3333333333333333,10,1.5666666666666667,47
83,False,0,0,1.9,57
84,True,0.03333333333333333,1,1.9,57
85,True,0.06666666666666667,2,1.9,57
86,True,0.1,3,1.9,57
87,True,0.13333333333333333,4,1.9,57
88,True,0.16666666666666666,5,1.9,57
89,True,0.2,6,1.9,57
90,True,0.23333333333333334,7,1.9,57
91,True,0.26666666666666666,8,1.9,57
92,True,0.3,9,1.9,57
93,True,0.3333333333333333,10,1.9,57
94,True,0.36666666666666664,11,1.9,57
95,True,0.4,12,1.9,57
96,True,0.43333333333333335,13,1.9,57
97,True,0.4666666666666667,14,1.9,57
98,True,0.5,15,1.9,57
99,True,0.5333333333333333,16,1.9,57
100,True,0.5666666666666667,17,1.9,57
101,True,0.6,18,1.9,57
102,True,0.6333333333333333,19,1.9,57
103,True,0.6666666666666666,20,1.9,57
104,True,0.7,21,1.9,57
105,True,0.7333333333333333,22,1.9,57
106,True,0.7666666666666667,23,1.9,57
107,True,0.8,24,1.9,57
108,True,0.8333333333333334,25,1.9,57
109,True,0.8666666666666667,26,1.9,57
110,True,0.9,27,1.9,57
111,True,0.9333333333333333,28,1.9,57
112,True,0.9666666666666667,29,1.9,57
113,True,1.0,30,1.9,57
114,True,1.0333333333333334,31,1.9,57
115,True,1.0666666666666667,32,1.9,57
116,True,1.1,33,1.9,57
117,True,1.1333333333333333,34,1.9,57
118,True,1.1666666666666667,35,1.9,57
119,True,1.2,36,1.9,57
120,True,1.2333333333333334,37,1.9,57
121,True,1.2666666666666666,38,1.9,57
122,True,1.3,39,1.9,57
123,True,1.3333333333333333,40,1.9,57
124,True,1.3666666666666667,41,1.9,57
125,True,1.4,42,1.9,57
126,True,1.4333333333333333,43,1.9,57
127,True,1.4666666666666666,44,1.9,57
128,True,1.5,45,1.9,57
129,True,1.5333333333333334,46,1.9,57
130,True,1.5666666666666667,47,1.9,57
131,True,1.6,48,1.9,57
132,True,1.6333333333333333,49,1.9,57
133,True,1.6666666666666667,50,1.9,57
134,True,1.7,51,1.9,57
135,True,1.7333333333333334,52,1.9,57
136,True,1.7666666666666666,53,1.9,57
137,True,1.8,54,1.9,57
138,True,1.8333333333333333,55,1.9,57
139,True,1.8666666666666667,56,1.9,57
140,True,1.9,57,1.9,57
141,True,1.9333333333333333,58,1.9,57
142,True,1.9666666666666666,59,1.9,57
143,True,2.0,60,1.9,57
144,True,2.033333333333333,61,1.9,57
145,True,2.066666666666667,62,1.9,57
146,True,2.1,63,1.9,57
147,True,2.1333333333333333,64,1.9,57
148,True,2.1666666666666665,65,1.9,57
149,True,2.2,66,1.9,57
150,True,2.2333333333333334,67,1.9,57
151,True,2.2666666666666666,68,1.9,57
152,True,2.3,69,1.9,57
153,True,2.3333333333333335,70,1.9,57
154,True,2.3666666666666667,71,1.9,57
155,True,2.4,72,1.9,57
156,True,2.433333333333333,73,1.9,57
157,True,2.466666666666667,74,1.9,57
158,True,2.5,75,1.9,57
159,True,2.533333333333333,76,1.9,57
160,True,2.566666666666667,77,1.9,57
161,True,2.6,78,1.9,57
162,True,2.6333333333333333,79,1.9,57
163,True,2.6666666666666665,80,1.9,57
164,True,2.7,81,1.9,57
165,True,2.7333333333333334,82,1.9,57
166,True,2.7666666666666666,83,1.9,57
167,True,2.8,84,1.9,57
168,True,2.8333333333333335,85,1.9,57
169,True,2.8666666666666667,86,1.9,57
170,True,2.9,87,1.9,57
171,True,2.933333333333333,88,1.9,57
172,True,2.966666666666667,89,1.9,57
173,True,3.0,90,1.9,57
174,True,3.033333333333333,91,1.9,57
175,True,3.066666666666667,92,1.9,57
176,True,3.1,93,1.9,57
177,True,3.1333333333333333,94,1.9,57
178,True,3.1666666666666665,95,1.9,57
179,True,3.2,96,1.9,57
180,True,3.2333333333333334,97,1.9,57
181,True,3.2666666666666666,98,1.9,57
182,True,3.3,99,1.9,57
183,True,3.3333333333333335,100,1.9,57
184,True,3.3666666666666667,101,1.9,57
185,True,3.4,102,1.9,57
186,True,3.433333333333333,103,1.9,57
187,True,3.466666666666667,104,1.9,57
188,True,3.5,105,1.9,57
189,True,3.533333333333333,106,1.9,57
190,True,3.566666666666667,107,1.9,57
191,True,3.6,108,1.9,57
192,True,3.6333333333333333,109,1.9,57
193,True,3.6666666666666665,110,1.9,57
194,True,3.7,111,1.9,57
195,True,3.7333333333333334,112,1.9,57
196,True,3.7666666666666666,113,1.9,57
197,True,3.8,114,1.9,57
198,True,3.8333333333333335,115,1.9,57
199,True,3.8666666666666667,116,1.9,57
200,True,3.9,117,1.9,57
201,True,3.933333333333333,118,1.9,57
202,True,3.966666666666667,119,1.9,57
203,True,4.0,120,1.9,57
204,True,4.033333333333333,121,1.9,57
205,True,4.066666666666666,122,1.9,57
206,True,4.1,123,1.9,57
207,True,4.133333333333334,124,1.9,57
208,True,4.166666666666667,125,1.9,57
209,True,4.2,126,1.9,57
210,True,4.233333333333333,127,1.9,57
211,True,0,0,6.133333333333333,184
